[Elements]
Hydrogen  Carbon Nitrogen Oxygen Sodium Magnesium Phosphor Sulfur
Chlorine Argon Potassium Calcium
Iron
[/Elements]
# =======================================================================================
# HU      H      C      N      O      Na    Mg    P     S     Cl    Ar    K    Ca    Fe
# =======================================================================================
 -1050   0.00   0.00  75.52  23.17   0.00  0.00  0.00  0.00  0.00  1.30  0.00  0.00  0.00   Air
  -900  10.30  10.70   3.20  74.60   0.20  0.00  0.20  0.30  0.30  0.00  0.20  0.00  0.00   Lung
  -411  10.30  10.70   0.20  74.60   0.20  0.00  0.20  0.30  0.30  0.00  0.20  0.00  0.00   ExtraLung
  -162  11.96  76.87   0.00  11.17   0.00  0.00  0.00  0.00  0.00  0.00  0.00  0.00  0.00   Fat
   -95  11.40  58.91   0.75  28.64   0.10  0.00  0.00  0.10  0.10  0.00  0.00  0.00  0.00   AdiposeMarrow
   -13  10.25  14.59   3.21  70.85   0.11  0.00  0.21  0.27  0.13  0.00  0.36  0.02  0.00   MuscleGeneral
    63   9.94  20.92   3.85  63.72   0.22  0.00  0.43  0.27  0.29  0.00  0.09  0.26  0.01   Miscellaneous
   145   9.32  39.14   2.21  41.79   0.19  0.02  2.34  0.29  0.13  0.00  0.04  4.53  0.00   HeavySpongiosa
   285   8.69  36.56   2.43  42.13   0.20  0.03  3.12  0.29  0.12  0.00  0.04  6.39  0.00   HS_MB_1
   441   8.05  33.97   2.65  42.46   0.21  0.06  3.91  0.29  0.10  0.00  0.04  8.26  0.00   HS_MB_2
   596   7.42  31.39   2.87  42.80   0.22  0.08  4.69  0.29  0.09  0.00  0.03 10.12  0.00   HS_MB_3
   751   6.78  28.81   3.09  43.13   0.24  0.10  5.48  0.29  0.07  0.00  0.02 11.98  0.00   HS_MB_4
   906   6.14  26.23   3.32  43.46   0.25  0.12  6.26  0.29  0.06  0.00  0.02 13.85  0.00   HS_MB_5
  1061   5.51  23.65   3.54  43.80   0.26  0.14  7.05  0.30  0.04  0.00  0.01 15.71  0.00   HS_MB_6
  1216   4.87  21.07   3.76  44.13   0.27  0.16  7.83  0.30  0.03  0.00  0.01 17.57  0.00   HS_MB_7
  1372   4.24  18.48   3.98  44.47   0.29  0.18  8.61  0.30  0.01  0.00  0.00 19.44  0.00   HS_MB_8
  1527   3.60  15.90   4.20  44.80   0.30  0.20  9.40  0.30  0.00  0.00  0.00 21.30  0.00   MineralBone
  2368   2.20   9.50   2.90  42.10   0.00  0.70 13.70  0.00  0.00  0.00  0.00 28.90  0.00   Tooth
  3759   0.20   0.00   0.00  41.41   0.00  0.00 18.50  0.00  0.00  0.00  0.00 39.89  0.00   Hydroxyapatite 

